This page contains a list of the first 500 prime numbers and lists of prime numbers by specific categorizations.
List of unique primes.
3, 11, 37, 101, 9091, 9901, 333667
List of Mersenne primes.
3, 7, 31, 127, 8191, 131071, 524287, 2147483647, 2305843009213693951
List of Fermat primes.
As of 2003, these are the only known Fermat primes.
List of Sophie Germain primes.
2, 3, 5, 11, 23, 29, 41, 53, 83, 89, 113, 131, 173, 179, 191, 233, 239, 251, 281, 293, 359, 419, 431, 443, 491, 509, 593, 641, 653, 659, 683, 719, 743, 761, 809, 911, 953
List of Wilson primes.
As of 2003, these are the only known Wilson primes.
List of Wolstenholme primes.
As of 2003, these are the only known Wolstenholme primes.
List of factorial primes.
2, 3, 5, 7, 23, 719, 5039, 39916801, 479001599, 87178291199
List of primorial primes.
5, 7, 29, 31, 211, 2309, 2311, 30029
List of palindromic primes.
2, 3, 5, 7, 11, 101, 131, 151, 181, 191, 313, 353, 373, 383, 727, 757, 787, 797, 919, 929, 10301, 10501, 10601, 11311, 11411, 12421, 12721, 12821, 13331, 13831, 13931, 14341, 14741, 15451, 15551, 16061, 16361, 16561, 16661, 17471, 17971, 18181, 18481, 19391, 19891, 19991
List of median primes.
5, 13, 41, 61, 113, 181
List of lucky primes.
3 7 13 31 37 43 67 73 79 127 151 163 193 211 223 241 283 307 331 349 367 409 421 433 463 487 541 577 601 613 619 631 643 673 727 739 769 787 823 883 937 991 997 1009 1021 1039 1087 1093 1117 1123 1201 1231 1249 1291 1303 1459 1471 1543 1567 1579 1597 1663 1693 1723 1777 1801 1831 1879 1933 1987 2053 2083 2113 2221 2239 2251 2281 2311 2467 2473 2557 2593 2647 2671 2689 2797 2851 2887 2953 2971 3037 3049 3109 3121 3163 3187 3229 3259 3301 3307 3313
