Image:Alabama counties map.png|thumb|right|350px|Alabama counties (clickable map)
poly 210 83 208 83 199 75 188 75 176 70 171 70 165 74 150 79 145 85 136 86 122 74 119 66 115 60 107 57 103 57 99 60 92 56 84 40 218 43 217 72 210 78 211 82 Lauderdale County, Alabama
poly 189 76 188 89 185 100 180 100 175 113 91 110 98 60 103 57 107 57 116 63 121 69 123 76 135 85 143 86 151 79 165 74 170 70 177 70 Colbert County, Alabama
poly 174 113 91 110 86 153 174 156 Franklin County, Alabama
poly 159 220 160 156 86 154 81 196 111 197 111 202 116 202 116 219 Marion County, Alabama
poly 115 284 71 282 81 196 111 197 111 202 116 202 116 283 116 284 Lamar County, Alabama
poly 130 284 71 282 60 370 83 370 87 366 87 363 96 364 97 361 101 363 103 363 103 360 111 357 113 357 115 351 130 346 Pickens County, Alabama
poly 148 369 147 367 130 367 130 346 115 351 113 357 103 360 102 362 100 364 97 361 96 363 93 364 92 362 88 363 83 370 85 373 85 377 81 376 81 378 82 380 79 381 83 392 86 393 82 396 84 399 87 398 92 402 98 402 98 407 92 407 95 416 90 419 93 422 100 420 99 428 96 430 98 436 116 429 120 432 126 433 129 436 127 436 126 435 122 434 121 437 124 440 124 445 126 447 127 444 131 445 132 447 134 447 133 442 135 442 135 437 139 440 143 438 142 433 135 434 132 430 139 429 140 430 142 427 137 427 135 417 131 418 131 415 133 413 131 408 125 410 125 407 132 403 131 395 134 387 139 385 139 381 145 378 143 374 147 372 Greene County, Alabama
poly 128 449 128 447 123 445 123 440 120 436 123 434 126 437 128 435 126 432 119 432 116 430 105 434 98 436 95 429 97 427 97 422 101 421 99 418 96 422 91 420 91 418 94 417 91 406 96 406 98 403 97 402 93 403 88 396 86 399 82 396 85 394 84 391 80 383 78 382 79 379 81 380 84 378 81 378 82 376 84 377 85 375 83 370 59 370 47 482 114 483 114 482 108 478 103 473 99 472 100 463 107 458 109 458 118 448 127 450 Sumter County, Alabama
poly 116 487 116 483 47 482 39 549 40 582 92 583 91 573 85 574 79 563 87 549 97 547 97 544 89 543 91 539 94 541 95 535 93 532 92 534 89 533 88 524 93 521 96 523 99 520 98 517 100 510 102 510 104 491 102 489 103 487 105 487 105 485 106 485 112 485 114 488 116 483 Choctaw County, Alabama
poly 92 583 39 582 42 678 56 678 57 673 100 674 104 669 108 671 111 671 110 665 113 660 109 657 106 656 106 654 110 654 110 648 109 646 114 647 119 640 119 635 114 625 118 618 112 612 107 611 98 605 101 605 101 602 97 602 93 599 94 596 92 590 94 588 Washington County, Alabama
poly 111 674 108 674 107 670 104 670 100 674 57 673 56 678 41 678 47 835 96 837 103 751 100 740 99 739 99 733 103 732 104 729 110 727 110 723 106 720 105 717 110 709 113 709 113 706 108 702 111 687 109 686 106 683 Mobile County, Alabama
poly 96 838 104 750 100 734 104 732 104 728 110 727 111 723 105 720 105 717 111 709 113 709 114 706 108 703 111 687 107 684 111 674 109 674 107 670 112 671 112 667 115 667 124 664 129 652 132 654 134 653 131 646 132 646 135 649 145 649 150 655 153 658 158 658 157 699 161 699 161 705 154 720 160 728 167 734 170 741 187 751 188 755 187 766 180 776 181 779 183 781 183 785 188 789 192 789 191 792 188 795 183 795 180 807 172 809 172 812 180 812 178 814 150 821 127 825 Baldwin County, Alabama
poly 285 699 158 699 157 658 165 661 176 655 277 656 277 667 286 667 Escambia County, Alabama
poly 257 563 174 563 175 565 172 566 172 584 165 584 165 608 157 614 165 620 164 628 160 632 156 631 155 628 145 633 142 638 142 643 140 643 138 638 134 645 135 649 144 649 150 656 158 659 167 662 176 656 184 656 186 652 194 646 196 641 212 624 216 625 221 612 225 594 237 588 237 582 244 582 258 575 Monroe County, Alabama
poly 172 562 158 562 158 555 150 555 151 535 95 535 95 540 88 540 88 544 95 545 92 549 87 549 80 565 84 574 89 572 92 577 93 590 93 593 94 600 99 604 112 612 116 617 115 625 120 634 119 641 116 646 108 655 110 666 117 667 128 654 133 655 135 649 135 643 138 638 141 643 142 637 154 628 160 631 166 620 158 613 166 609 166 584 172 584 Clarke County, Alabama
poly 178 484 172 485 172 455 144 455 143 448 133 448 130 446 128 444 128 449 119 448 112 457 106 459 100 463 99 472 102 472 110 478 115 483 116 487 111 484 103 488 103 508 99 520 96 523 92 522 89 524 91 535 93 533 95 536 151 536 151 532 158 533 159 513 173 513 174 491 180 491 Marengo County, Alabama
poly 188 371 146 369 143 375 143 381 138 386 131 390 132 402 124 409 132 409 134 413 130 417 131 418 135 417 135 427 142 426 141 430 135 431 136 434 143 434 141 437 138 442 131 449 144 449 144 455 173 455 172 427 179 427 181 398 187 398 Hale County, Alabama
poly 187 271 188 256 173 257 172 228 159 227 158 221 116 219 116 283 154 283 154 275 159 275 159 270 Fayette County, Alabama
poly 209 286 202 286 202 273 194 274 193 271 160 270 160 277 154 277 154 284 131 284 131 368 146 368 147 370 200 370 202 355 205 349 219 349 219 338 225 332 228 332 230 336 236 329 237 325 223 319 211 305 199 296 199 290 206 292 Tuscaloosa County, Alabama
poly 241 330 234 330 232 335 229 333 226 333 218 339 218 349 207 349 203 355 202 370 187 371 187 392 201 391 201 398 263 398 262 362 252 358 252 356 250 354 249 345 243 343 Bibb County, Alabama
poly 242 398 201 398 201 391 187 391 187 399 181 399 179 427 172 428 173 484 185 483 186 454 229 454 242 416 Perry County, Alabama
poly 256 426 244 426 242 417 230 454 187 455 187 484 178 484 180 491 184 492 221 527 258 527 257 499 273 499 263 489 269 485 267 482 272 477 258 444 Dallas County, Alabama
poly 266 539 265 527 220 527 195 501 182 490 174 491 172 512 157 513 158 532 150 534 152 555 158 554 158 563 257 562 257 540 Wilcox County, Alabama
poly 286 612 267 613 257 595 257 575 245 581 235 581 235 588 224 595 216 623 184 655 278 656 278 669 285 667 285 642 290 639 291 628 286 628 Conecuh County, Alabama
poly 359 699 358 626 349 625 344 612 328 625 328 613 286 613 288 628 291 628 292 638 286 644 288 699 Covington County, Alabama
poly 358 541 343 541 342 527 328 527 328 541 323 541 321 591 314 591 315 613 328 612 329 624 345 612 346 624 350 627 359 627 357 612 361 612 365 609 364 598 359 596 365 588 364 569 357 569 361 548 Crenshaw County, Alabama
poly 396 489 388 480 380 465 371 466 357 462 350 452 342 458 342 466 333 463 322 470 315 477 317 489 328 494 328 525 341 527 343 540 384 540 385 494 387 490 Montgomery County, Alabama
poly 322 541 258 541 258 595 267 613 316 614 314 592 322 592 Butler County, Alabama
poly 328 540 327 494 316 489 316 479 309 478 308 474 303 474 300 476 299 467 293 469 293 474 289 477 285 476 284 468 275 470 276 478 274 485 270 485 263 491 270 496 272 497 259 498 257 527 264 526 266 541 Lowndes County, Alabama
poly 326 419 285 419 284 428 257 427 259 444 258 445 271 475 269 485 277 479 275 471 284 469 286 478 295 474 294 468 298 468 299 477 305 474 311 478 316 478 327 467 Autauga County, Alabama
poly 312 367 307 367 298 359 263 359 262 398 243 398 242 425 284 427 284 419 325 419 326 412 332 412 321 400 322 395 319 392 317 392 312 378 315 373 Chilton County, Alabama
poly 317 281 313 281 312 286 308 286 301 294 291 294 269 315 248 328 243 330 242 343 249 343 250 355 261 363 261 360 299 360 307 367 311 367 315 353 320 349 314 342 334 322 333 314 337 312 331 308 331 288 318 288 Shelby County, Alabama
poly 307 245 295 245 279 232 262 232 242 244 238 262 218 273 218 281 200 292 201 295 211 305 225 321 238 329 246 330 263 316 268 316 268 311 277 311 290 295 299 295 312 281 308 278 307 270 312 262 Jefferson County, Alabama
poly 250 231 245 227 245 224 233 224 225 206 159 206 159 226 173 228 173 257 187 257 188 271 194 272 195 275 203 275 203 285 208 289 219 280 217 273 238 262 242 244 252 239 Walker County, Alabama
poly 231 157 160 156 160 206 229 207 Winston County, Alabama
poly 232 94 227 87 211 80 210 82 207 82 198 74 188 75 188 85 184 99 174 114 174 155 230 158 Lawrence County, Alabama
poly 275 44 218 42 218 73 208 79 211 82 217 83 234 97 245 101 255 110 270 117 274 117 Limestone County, Alabama
poly 276 44 275 116 277 115 286 111 289 111 291 115 295 116 299 111 305 112 310 125 314 129 323 128 329 121 337 123 340 109 333 102 333 86 336 83 337 70 334 64 339 58 339 53 341 53 345 54 348 52 340 44 Madison County, Alabama
poly 435 44 339 44 349 53 346 57 339 52 335 58 332 102 341 110 361 109 362 119 369 121 372 132 382 128 411 105 422 84 425 84 431 69 438 65 Jackson County, Alabama
poly 438 66 432 69 431 77 425 84 421 86 410 105 389 123 371 130 367 137 368 173 403 173 403 167 412 164 439 133 438 128 447 119 DeKalb County, Alabama
poly 463 212 447 119 439 128 440 133 412 164 403 168 404 188 411 184 418 211 Cherokee County, Alabama
poly 419 211 410 185 405 189 404 173 368 173 368 175 359 175 337 200 333 217 337 218 343 208 349 213 356 208 376 231 384 228 390 219 392 223 397 223 395 216 405 213 418 218 Etowah County, Alabama
poly 341 190 356 177 369 176 367 136 371 132 369 121 362 119 362 108 339 109 338 118 338 122 327 121 325 127 314 127 308 119 303 156 317 157 Marshall County, Alabama
poly 306 121 307 113 301 111 293 117 289 114 289 110 284 110 278 118 271 116 243 101 233 96 231 155 303 157 Morgan County, Alabama
poly 321 164 316 158 231 155 230 208 225 207 235 220 233 223 234 225 245 225 246 230 250 231 257 227 257 221 275 212 287 196 287 193 290 193 300 188 307 177 307 173 311 166 Cullman County, Alabama
poly 341 191 321 164 311 166 308 178 300 187 288 192 277 211 257 221 256 227 250 230 253 238 263 232 280 233 294 245 305 246 304 239 310 239 320 235 322 236 335 226 335 221 339 217 339 216 331 216 Blount County, Alabama
poly 375 231 373 228 370 228 367 222 361 222 358 213 356 208 347 213 344 209 339 216 336 225 325 237 318 236 304 241 304 246 307 245 311 257 306 276 312 282 318 282 319 289 331 289 332 306 342 294 343 286 346 286 348 291 351 289 359 281 352 275 359 268 360 262 354 258 358 255 361 259 364 259 363 254 366 254 376 246 378 244 374 240 St. Clair County, Alabama
poly 447 215 447 211 419 212 418 218 405 213 397 217 397 221 392 223 391 220 384 229 376 231 376 244 367 251 362 255 362 259 375 261 382 273 383 274 411 274 412 279 418 279 418 271 433 263 433 245 439 235 440 231 431 231 431 226 437 226 437 224 448 224 Calhoun County, Alabama
poly 465 212 450 213 448 215 446 224 438 224 438 228 432 225 433 231 440 232 438 239 432 243 433 263 421 272 418 279 410 279 401 289 399 294 413 294 416 288 479 290 Cleburne County, Alabama
poly 411 278 410 273 383 275 383 271 380 272 379 264 376 260 361 260 357 256 354 256 359 263 359 269 355 271 357 275 353 275 357 280 352 286 351 290 346 292 347 286 344 288 334 304 331 305 334 309 336 315 332 315 334 323 329 327 323 324 325 329 323 332 320 330 320 338 316 338 314 341 320 350 314 354 359 354 360 340 367 338 368 322 386 323 386 308 391 309 394 305 394 297 395 296 397 288 402 288 411 282 Talladega County, Alabama
poly 381 353 315 354 311 368 312 384 318 393 320 391 323 396 320 401 331 411 384 411 Coosa County, Alabama
poly 432 289 417 289 412 294 401 294 402 288 395 288 394 304 386 309 386 322 368 322 366 340 358 338 359 354 432 353 Clay County, Alabama
poly 477 289 431 289 431 352 489 352 Randolph County, Alabama
poly 381 354 439 353 441 412 436 418 428 418 426 422 425 438 413 438 412 452 401 454 399 450 399 426 396 421 400 412 383 410 Tallapoosa County, Alabama
poly 489 352 439 353 439 413 481 414 482 410 506 411 Chambers County, Alabama
poly 505 411 484 412 481 415 439 413 437 416 428 418 427 438 455 453 462 452 464 466 477 467 476 458 514 457 514 451 523 449 Lee County, Alabama
poly 400 411 327 412 326 467 330 464 340 468 342 464 339 461 347 453 357 462 376 467 385 462 400 460 402 456 399 453 399 429 396 422 Elmore County, Alabama
poly 463 452 456 453 432 441 432 439 411 438 414 452 401 454 401 460 387 461 381 465 386 479 390 481 396 489 399 484 402 487 403 496 463 496 Macon County, Alabama
poly 523 450 515 450 515 455 477 456 478 467 463 466 464 510 488 509 499 524 517 523 542 491 528 449 Russell County, Alabama
poly 519 523 499 524 488 509 464 509 465 531 453 531 451 533 441 533 430 558 432 570 430 574 427 575 422 597 467 597 467 582 495 582 496 577 506 570 506 550 514 543 Barbour County, Alabama
poly 365 597 414 597 415 666 358 667 358 613 364 612 Coffee County, Alabama
poly 432 554 414 553 414 540 401 540 398 527 392 524 385 527 386 539 358 541 361 551 357 569 365 569 363 589 359 597 422 597 427 576 430 574 432 570 Pike County, Alabama
poly 464 495 406 496 402 490 403 488 400 483 399 489 385 491 385 526 389 529 391 525 399 528 399 541 415 541 414 554 433 554 442 535 451 535 454 531 464 531 Bullock County, Alabama
rect 358 666 457 700 Geneva County, Alabama
poly 466 597 415 597 414 667 425 667 428 659 434 653 457 659 457 652 467 652 Dale County, Alabama
poly 506 568 496 575 496 582 466 583 469 646 514 646 522 615 520 592 Henry County, Alabama
poly 514 646 467 646 466 651 459 651 456 658 437 652 426 666 458 666 458 698 530 698 Houston County, Alabama
The U.S. state of Alabama has sixty-seven counties. The oldest is Washington County (created June 4, 1800) and the youngest is Houston County (created February 9, 1903).
Alabama was claimed by Spain, as Spanish Florida, and by England, as the Province of Carolina. The first permanent colony was made by the French on the banks of the Mobile River in 1702.
After the American Revolutionary War, West Florida south of the 31st parallel became a part of Spain while most of the rest was put in the Mississippi Territory. The territorial assembly established some of the earliest county divisions which have survived to the present. In 1817 the western part of the territory became the State of Mississippi and the remainder the Alabama Territory. The Alabama territorial legislature made some more counties.
Alabama became the 22nd state of the United States in 1819. The Alabama state legislature made more counties from former Indian lands as the Indian Removal Act took effect and settlers populated different areas of Alabama.
In 1820, Alabama had 29 counties. By 1830 there were 36, with Indians still occupying land in northeast and far western Alabama. By 1840, 49 counties had been created; 52 by 1850; 65 by 1870; and the present 67 counties by 1903.
According to 2006 U. S. Census estimates, the average population of Alabama's sixty-seven counties is 68,642, with Jefferson County has the most people (656,700), and Greene County (9,374) the least. The average land area is. The largest county is Baldwin () and the smallest is Etowah ().
The Federal Information Processing Standard (FIPS) code, which is used by the United States government to uniquely identify counties, is provided with each entry. (In this system, St. Clair County is alphabetized ahead of Shelby County.) The FIPS code links in the table point to U. S. Census "quick facts" pages for each county.
